%YAML:1.0
R1: !!opencv-matrix
   rows: 3
   cols: 3
   dt: d
   data: [ 9.9999421834945679e-01, -2.3099652025848627e-03,
       -2.4964644107967615e-03, 2.3100846447050571e-03,
       9.9999731779098511e-01, 4.4992255425313488e-05,
       2.4963538162410259e-03, -5.0759037549141794e-05,
       9.9999690055847168e-01 ]
P1: !!opencv-matrix
   rows: 3
   cols: 4
   dt: d
   data: [ 1.1143773193359375e+03, 0., 1024., 0., 0.,
       1.1143773193359375e+03, 510., 0., 0., 0., 1., 0. ]
R2: !!opencv-matrix
   rows: 3
   cols: 3
   dt: d
   data: [ 9.9995148181915283e-01, -9.8470458760857582e-03,
       -3.3727075788192451e-04, 9.8470300436019897e-03,
       9.9995154142379761e-01, -4.9536894948687404e-05,
       3.3774221083149314e-04, 4.6213375753723085e-05,
       9.9999994039535522e-01 ]
P2: !!opencv-matrix
   rows: 3
   cols: 4
   dt: d
   data: [ 1.1143773193359375e+03, 0., 1024., -7.8180793762207031e+01,
       0., 1.1143773193359375e+03, 510., 0., 0., 0., 1., 0. ]
