%YAML:1.0
M1: !!opencv-matrix
   rows: 3
   cols: 3
   dt: d
   data: [ 1.2039663085937500e+03, 0., 1.0520700683593750e+03, 0.,
       1.2040762939453125e+03, 5.0929928588867188e+02, 0., 0., 1. ]
D1: !!opencv-matrix
   rows: 1
   cols: 8
   dt: d
   data: [ -2.0928268134593964e-01, 1.2346451729536057e-01,
       2.5176047347486019e-04, -8.5075316019356251e-04,
       7.0290523581206799e-04, 0., 0., 0. ]
M2: !!opencv-matrix
   rows: 3
   cols: 3
   dt: d
   data: [ 1.2039022216796875e+03, 0., 1.0400275878906250e+03, 0.,
       1.2038140869140625e+03, 5.1358630371093750e+02, 0., 0., 1. ]
D2: !!opencv-matrix
   rows: 1
   cols: 8
   dt: d
   data: [ -2.1208429336547852e-01, 1.3058313727378845e-01,
       3.8389963447116315e-04, 1.1149510100949556e-04,
       -4.8324638046324253e-03, 0., 0., 0. ]
