%YAML:1.0
laser_T_spindle: !!opencv-matrix
   rows: 4
   cols: 4
   dt: d
   data: [ 9.9967998266220093e-01, -3.8534999475814402e-04,
       -2.5141999125480652e-02, 5.4089999757707119e-03,
       2.3489999875891954e-04, 9.9997997283935547e-01,
       -5.9866998344659805e-03, 4.3717999942600727e-03,
       2.5143999606370926e-02, 5.9789000079035759e-03,
       9.9967002868652344e-01, 0., 0., 0., 0., 1. ]
camera_T_spindle_fixed: !!opencv-matrix
   rows: 4
   cols: 4
   dt: d
   data: [ 9.4974674284458160e-03, -9.9994283914566040e-01,
       4.9128388054668903e-03, 2.7591070160269737e-02,
       9.9991440773010254e-01, 9.4527490437030792e-03,
       -9.0467920526862144e-03, -4.4036608189344406e-02,
       8.9998347684741020e-03, 4.9983398057520390e-03,
       9.9994701147079468e-01, -4.7569856047630310e-02, 0., 0., 0., 1. ]
