%YAML:1.0
laser_T_spindle: !!opencv-matrix
   rows: 4
   cols: 4
   dt: d
   data: [ 9.9978e-01, -3.2316e-04, -2.0812e-02,  1.1142e-02,
       2.2293e-04,  9.9999e-01, -4.8186e-03,  3.5585e-02,
       2.0813e-02,  4.8129e-03,  9.9977e-01,  0.0000e+00,
       0,  0.,  0.,  1.  ]
camera_T_spindle_fixed: !!opencv-matrix
   rows: 4
   cols: 4
   dt: d
   data: [ 1.9003e-02, -9.9982e-01,  1.2300e-03,  3.4967e-02,
       9.9979e-01,  1.9012e-02,  8.0960e-03, -9.0310e-02,
       -8.1180e-03,  1.0759e-03,  9.9997e-01, -2.6503e-02,
       0.,  0.,  0.,  1. ]
