%YAML:1.0
R1: !!opencv-matrix
   rows: 3
   cols: 3
   dt: d
   data: [ 9.9998408555984497e-01, 1.2517055729404092e-03,
       -5.5048088543117046e-03, -1.2444844469428062e-03,
       9.9999839067459106e-01, 1.3150108279660344e-03,
       5.5064456537365913e-03, -1.3081391807645559e-03,
       9.9998396635055542e-01 ]
P1: !!opencv-matrix
   rows: 3
   cols: 4
   dt: d
   data: [ 5.9446551513671875e+02, 0., 512., 0., 0.,
       5.9446551513671875e+02, 520., 0., 0., 0., 1., 0. ]
R2: !!opencv-matrix
   rows: 3
   cols: 3
   dt: d
   data: [ 9.9998295307159424e-01, 1.0740831494331360e-03,
       -5.7428097352385521e-03, -1.0816144058480859e-03,
       9.9999856948852539e-01, -1.3084800448268652e-03,
       5.7413959875702858e-03, 1.3146692654117942e-03,
       9.9998265504837036e-01 ]
P2: !!opencv-matrix
   rows: 3
   cols: 4
   dt: d
   data: [ 5.9446551513671875e+02, 0., 512., -4.1660152435302734e+01, 0.,
       5.9446551513671875e+02, 520., 0., 0., 0., 1., 0. ]
