%YAML:1.0
R1: !!opencv-matrix
   rows: 3
   cols: 3
   dt: d
   data: [ 9.9999880790710449e-01, 8.6981878848746419e-04,
       1.2547863880172372e-03, -8.7058771168813109e-04,
       9.9999940395355225e-01, 6.1235245084390044e-04,
       -1.2542530894279480e-03, -6.1344413552433252e-04,
       9.9999904632568359e-01 ]
P1: !!opencv-matrix
   rows: 3
   cols: 4
   dt: d
   data: [ 1.1775411376953125e+03, 0., 1024., 0., 0.,
       1.1775411376953125e+03, 544., 0., 0., 0., 1., 0. ]
R2: !!opencv-matrix
   rows: 3
   cols: 3
   dt: d
   data: [ 9.9998748302459717e-01, 4.6302443370223045e-03,
       1.8928889185190201e-03, -4.6290834434330463e-03,
       9.9998909235000610e-01, -6.1728159198537469e-04,
       -1.8957264255732298e-03, 6.0851150192320347e-04,
       9.9999803304672241e-01 ]
P2: !!opencv-matrix
   rows: 3
   cols: 4
   dt: d
   data: [ 1.1775411376953125e+03, 0., 1024., -8.2509780883789062e+01,
       0., 1.1775411376953125e+03, 544., 0., 0., 0., 1., 0. ]
