%YAML:1.0
M1: !!opencv-matrix
   rows: 3
   cols: 3
   dt: d
   data: [ 1.2055814208984375e+03, 0., 1.0543471679687500e+03, 0.,
       1.2053675537109375e+03, 5.2211291503906250e+02, 0., 0., 1. ]
D1: !!opencv-matrix
   rows: 1
   cols: 8
   dt: d
   data: [ -2.1401444077491760e-01, 1.3348618149757385e-01,
       1.1052561458200216e-03, -6.8779551656916738e-04,
       -7.0034884847700596e-03, 0., 0., 0. ]
M2: !!opencv-matrix
   rows: 3
   cols: 3
   dt: d
   data: [ 1.2055802001953125e+03, 0., 1.0656673583984375e+03, 0.,
       1.2054901123046875e+03, 5.2580548095703125e+02, 0., 0., 1. ]
D2: !!opencv-matrix
   rows: 1
   cols: 8
   dt: d
   data: [ -2.2100070118904114e-01, 1.5785352885723114e-01,
       6.5479532349854708e-04, -4.1027605766430497e-04,
       -2.9414348304271698e-02, 0., 0., 0. ]
