cols: 512
rows: 384
fx: 627.061837
fy: 643.617133
cx: 255.663993
cy: 195.112368
G: 0.999973  0.005490 0.004980  0.120071
  -0.005497  0.999984 0.001389 -0.000660
  -0.004972 -0.001416 0.999987 -0.000597
   0.000000  0.000000 0.000000  1.000000