%YAML:1.0
laser_T_spindle: !!opencv-matrix
   rows: 4
   cols: 4
   dt: d
   data: [ 9.9983164001574742e-01, 0.0000000000000000e+00, -1.8349158657030507e-02, -3.6611978147875557e-07,
           8.9048155557099433e-05, 9.9998822420852596e-01, 4.8521659807502365e-03, 1.8196339794512090e-02,
           1.8348942581164440e-02, -4.8529830288965596e-03, 9.9981986620684549e-01, 0.0000000000000000e+00,
           0.0000000000000000e+00, 0.0000000000000000e+00, 0.0000000000000000e+00, 1.0000000000000000e+00 ]
camera_T_spindle_fixed: !!opencv-matrix
   rows: 4
   cols: 4
   dt: d
   data: [ 0.0162919373631, -0.999796386591, 0.0119062226312, -0.00356594047228,
           0.999464542527, 0.0159462790839, -0.0285717415459, -0.0987599741241,
           0.0283760640073, 0.0123653363789, 0.999520833924, -0.0132431813458,
           0,0,0,1]
