q_safe = [0
         0
    0.8665
    0.0000
   -0.0013
         0
         0
   -0.0797
         0
    0.0939
         0
    0.0550
   -0.4481
    0.9829
   -0.5348
   -0.0600
    1.2635
    3.0733
    1.7159
    2.6372
   -0.1916
    1.6264
   -0.2700
         0
   -0.0550
   -0.4481
    0.9829
   -0.5348
    0.0600
    1.3300
    2.1530
   -0.5000
    0.0985
         0
    0.0008
    0.2564];