%YAML:1.0
M1: !!opencv-matrix
   rows: 3
   cols: 3
   dt: d
   data: [ 6.0291571044921875e+02, 0., 5.2304193115234375e+02, 0.,
       1.2056562500000000e+03, 5.2307214355468750e+02, 0., 0., 1. ]
D1: !!opencv-matrix
   rows: 1
   cols: 8
   dt: d
   data: [ -2.1248531341552734e-01, 1.3279071450233459e-01,
       1.7923285486176610e-04, -6.9368679760373197e-06,
       -1.0523323900997639e-02, 0., 0., 0. ]
M2: !!opencv-matrix
   rows: 3
   cols: 3
   dt: d
   data: [ 6.0420904541015625e+02, 0., 5.2420635986328125e+02, 0.,
       1.2075610351562500e+03, 5.1270800781250000e+02, 0., 0., 1. ]
D2: !!opencv-matrix
   rows: 1
   cols: 8
   dt: d
   data: [ -2.1223375201225281e-01, 1.3313443958759308e-01,
       -3.3149521914310753e-04, -4.0855954284779727e-04,
       -1.3206776231527328e-02, 0., 0., 0. ]
