%YAML:1.0
laser_T_spindle: !!opencv-matrix
   rows: 4
   cols: 4
   dt: d
   data: [ 9.9983164001574742e-01, 0.0000000000000000e+00, -1.8349158657030507e-02, -3.6611978147875557e-07,
           8.9048155557099433e-05, 9.9998822420852596e-01, 4.8521659807502365e-03, 1.8196339794512090e-02,
           1.8348942581164440e-02, -4.8529830288965596e-03, 9.9981986620684549e-01, 0.0000000000000000e+00,
           0.0000000000000000e+00, 0.0000000000000000e+00, 0.0000000000000000e+00, 1.0000000000000000e+00 ]
camera_T_spindle_fixed: !!opencv-matrix
   rows: 4
   cols: 4
   dt: d
   data: [ 2.0482979062866721e-02, -9.9979020177488109e-01, -1.9111983659326408e-06, 3.5252915708967582e-02,
           9.9979020177259925e-01, 2.0482979057264868e-02, 2.9059978531705280e-06, -4.7739840258857781e-02,
           -2.8662411438750566e-06, -1.9703208930864849e-06, 9.9999999999395117e-01, 1.6746656735240648e-02,
           0.0000000000000000e+00, 0.0000000000000000e+00, 0.0000000000000000e+00, 1.0000000000000000e+00 ]
