%YAML:1.0
laser_T_spindle: !!opencv-matrix
   rows: 4
   cols: 4
   dt: d
   data: [ 9.9983164001574742e-01, 0.0000000000000000e+00, -1.8349158657030507e-02, -3.6611978147875557e-07,
           8.9048155557099433e-05, 9.9998822420852596e-01, 4.8521659807502365e-03, 1.8196339794512090e-02,
           1.8348942581164440e-02, -4.8529830288965596e-03, 9.9981986620684549e-01, 0.0000000000000000e+00,
           0.0000000000000000e+00, 0.0000000000000000e+00, 0.0000000000000000e+00, 1.0000000000000000e+00 ]
camera_T_spindle_fixed: !!opencv-matrix
   rows: 4
   cols: 4
   dt: d
   data: [ 0.0112868848824, -0.999918649851, -0.00594137272012, 0.033632610909,
           0.999330729678, 0.0114866073073, -0.0347296785674, -0.0918886920076,
           0.0347950995182, -0.0055454064517, 0.999379081989, 0.0173175321078,
           0,0,0,1 ]
