pc_pre_spindle_cal_ aka laserToSpindle
[[     0.99978, -0.00032316,   -0.020812;
   0.00022293,     0.99999,  -0.0048186;
     0.020813,   0.0048129,     0.99977]
[    0.011142,    0.035585,           0]]
pc_post_spindle_cal_ aka cameraToSpindleFixed
[[    0.019003,    -0.99982,     0.00123;
      0.99979,    0.019012,    0.008096;
    -0.008118,   0.0010759,     0.99997]
[    0.034967,    -0.09031,   -0.026503]]


... which matches the queried cal, where:
KDL prints:
[[R]
[T]]
OpenCV serializes a 4x4 matrix:
[R|T]




%YAML:1.0
laser_T_spindle: !!opencv-matrix
   rows: 4
   cols: 4
   dt: d
   data: [ 9.9977999925613403e-01, -3.2315999851562083e-04,
       -2.0811999216675758e-02, 1.1141999624669552e-02,
       2.2293000074569136e-04, 9.9998998641967773e-01,
       -4.8186001367866993e-03, 3.5585001111030579e-02,
       2.0812999457120895e-02, 4.8128999769687653e-03,
       9.9976998567581177e-01, 0., 0., 0., 0., 1. ]
camera_T_spindle_fixed: !!opencv-matrix
   rows: 4
   cols: 4
   dt: d
   data: [ 1.9003000110387802e-02, -9.9981999397277832e-01,
       1.2300000526010990e-03, 3.4967001527547836e-02,
       9.9979001283645630e-01, 1.9012000411748886e-02,
       8.0960001796483994e-03, -9.0309999883174896e-02,
       -8.1179998815059662e-03, 1.0759000433608890e-03,
       9.9997001886367798e-01, -2.6503000408411026e-02, 0., 0., 0., 1. ]
