%YAML:1.0
laser_T_spindle: !!opencv-matrix
   rows: 4
   cols: 4
   dt: d
   data: [ 9.9999999996788047e-01, 0.0000000000000000e+00, -8.0149277552444022e-06, -8.2924610313339177e-08,
           -1.9352088649914440e-13, 9.9999999999999967e-01, -2.4145056874193558e-08, 2.0385615893107487e-02,
           8.0149277552443988e-06, 2.4145056874969087e-08, 9.9999999996788014e-01, 0.0000000000000000e+00,
           0.0000000000000000e+00, 0.0000000000000000e+00, 0.0000000000000000e+00, 1.0000000000000000e+00 ]
camera_T_spindle_fixed: !!opencv-matrix
   rows: 4
   cols: 4
   dt: d
   data: [ 2.1995601740225679e-02, -9.9975806691281555e-01, 3.3864962275495824e-05, 3.1668058542752439e-02,
           9.9975806624989116e-01, 2.1995600015725161e-02, -5.0479958415929257e-05, -8.7200002574002664e-02,
           4.9722865478989314e-05, 3.4967106259355155e-05, 9.9999999815246898e-01, -5.6539088344446757e-03,
           0.0000000000000000e+00, 0.0000000000000000e+00, 0.0000000000000000e+00, 1.0000000000000000e+00 ]
